1.         0.98378378 0.96936937 0.95495495 0.93873874 0.92432432
 0.90630631 0.89369369 0.88288288 0.87207207 0.85945946 0.84864865
 0.83963964 0.82882883 0.81981982 0.81081081 0.8018018  0.79279279
 0.78378378 0.77657658 0.77117117 0.76396396 0.75675676 0.75135135
 0.74414414 0.73873874 0.73333333 0.72792793 0.72432432 0.71891892
 0.71531532 0.71171171 0.70630631 0.7027027  0.7009009  0.6972973
 0.69369369 0.69009009 0.68648649 0.68468468 0.68108108 0.67927928
 0.67747748 0.67387387 0.67207207 0.67027027 0.66846847 0.66666667
 0.66486486 0.66306306 0.66126126 0.65945946 0.65765766 0.65765766
 0.65585586 0.65405405 0.65225225 0.65225225 0.65045045 0.64864865
 0.64864865 0.64684685 0.64504505 0.64324324 0.64324324 0.64144144
 0.64144144 0.64144144 0.63963964 0.63783784 0.63783784 0.63783784
 0.63603604 0.63603604 0.63423423 0.63423423 0.63243243 0.63243243
 0.63243243 0.63063063 0.63063063 0.63063063 0.62882883 0.62882883
 0.62882883 0.62702703 0.62702703 0.62702703 0.62702703 0.62522523
 0.62522523 0.62522523 0.62342342 0.62342342 0.62342342 0.62342342
 0.62342342 0.62162162 0.62162162 0.62162162 0.62162162 0.61981982
 0.61981982 0.61981982 0.61981982 0.61981982 0.61801802 0.61801802
 0.61801802 0.61801802 0.61801802 0.61801802 0.61621622 0.61621622
 0.61621622 0.61621622 0.61621622 0.61621622 0.61441441 0.61441441
 0.61441441 0.61441441 0.61441441 0.61441441 0.61261261 0.61261261
 0.61261261 0.61261261 0.61261261 0.61261261 0.61081081 0.61081081
 0.61081081 0.61081081 0.61081081 0.61081081 0.61081081 0.60900901
 0.60900901 0.60900901 0.60900901 0.60900901 0.60900901 0.60720721
 0.60720721 0.60720721 0.60720721 0.60720721 0.60720721 0.60720721
 0.60540541 0.60540541 0.60540541 0.60540541 0.60540541 0.60540541
 0.60540541 0.6036036  0.6036036  0.6036036  0.6036036  0.6036036
 0.6036036  0.6036036  0.6018018  0.6018018  0.6018018  0.6018018
 0.6018018  0.6018018  0.6018018  0.6        0.6        0.6
 0.6        0.6        0.6        0.6        0.6        0.5981982
 0.5981982  0.5981982  0.5981982  0.5981982  0.5981982  0.5981982
 0.5963964  0.5963964  0.5963964  0.5963964  0.5963964  0.5963964
 0.5963964  0.59459459 0.59459459 0.59459459 0.59459459 0.59459459
 0.59459459 0.59459459 0.59459459 0.59279279 0.59279279 0.59279279
 0.59279279 0.59279279 0.59279279 0.59279279 0.59279279 0.59099099
 0.59099099 0.59099099 0.59099099 0.59099099 0.59099099 0.59099099
 0.59099099 0.58918919 0.58918919 0.58918919 0.58918919 0.58918919
 0.58918919 0.58918919 0.58738739 0.58738739 0.58738739 0.58738739
 0.58738739 0.58738739 0.58738739 0.58558559 0.58558559 0.58558559
 0.58558559 0.58558559 0.58558559 0.58558559 0.58378378 0.58378378
 0.58378378 0.58378378 0.58378378 0.58198198 0.58198198 0.58198198
 0.58198198 0.58018018 0.58018018 0.58018018 0.58018018 0.57837838
 0.57837838 0.57837838 0.57657658 0.57657658 0.57657658 0.57657658
 0.57477477 0.57477477 0.57297297 0.57297297 0.57297297 0.57117117
 0.57117117 0.56936937 0.56936937 0.56756757 0.56756757 0.56576577
 0.56576577 0.56396396 0.56396396 0.56216216 0.56216216 0.56036036
 0.55855856 0.55855856 0.55675676 0.55495495 0.55495495 0.55315315
 0.55135135 0.54954955 0.54774775 0.54774775 0.54594595 0.54414414
 0.54234234 0.54054054 0.53873874 0.53693694 0.53513514 0.53333333
 0.53153153 0.52972973 0.52792793 0.52612613 0.52432432 0.52252252
 0.52072072 0.51891892 0.51711712 0.51531532 0.51351351 0.51171171
 0.50810811 0.50630631 0.5045045  0.5027027  0.5009009  0.4972973
 0.4954955  0.49369369 0.49189189 0.48828829 0.48648649 0.48468468
 0.48288288 0.48108108 0.47747748 0.47567568 0.47387387 0.47027027
 0.46846847 0.46666667 0.46486486 0.46126126 0.45945946 0.45765766
 0.45585586 0.45405405 0.45045045 0.44864865 0.44684685 0.44504505
 0.44324324 0.44144144 0.43783784 0.43603604 0.43423423 0.43243243
 0.43063063 0.42882883 0.42702703 0.42522523 0.42342342 0.42162162
 0.41981982 0.41801802 0.41621622 0.41441441 0.41261261 0.41081081
 0.40900901 0.40720721 0.40540541 0.40540541 0.4036036  0.4018018
 0.4        0.4        0.4        0.3981982  0.3981982  0.3981982
 0.3963964  0.3963964  0.3963964  0.39459459 0.39459459 0.39459459
 0.39279279 0.39279279 0.39279279 0.39099099 0.39099099 0.39099099
 0.39099099 0.38918919 0.38918919 0.38918919 0.38918919 0.38738739
 0.38738739 0.38738739 0.38738739 0.38558559 0.38558559 0.38558559
 0.38558559 0.38378378 0.38378378 0.38378378 0.38378378 0.38198198
 0.38198198 0.38198198 0.38198198 0.38198198 0.38018018 0.38018018
 0.38018018 0.38018018 0.38018018 0.37837838 0.37837838 0.37837838
 0.37837838 0.37657658 0.37657658 0.37657658 0.37657658 0.37657658
 0.37477477 0.37477477 0.37477477 0.37477477 0.37477477 0.37297297
 0.37297297 0.37297297 0.37297297 0.37297297 0.37117117 0.37117117
 0.37117117 0.37117117 0.36936937 0.36936937 0.36936937 0.36936937
 0.36936937 0.36756757 0.36756757 0.36756757 0.36756757 0.36756757
 0.36576577 0.36576577 0.36576577 0.36576577 0.36576577 0.36396396
 0.36396396 0.36396396 0.36396396 0.36396396 0.36216216 0.36216216
 0.36216216 0.36216216 0.36216216 0.36036036 0.36036036 0.36036036
 0.36036036 0.36036036 0.35855856 0.35855856 0.35855856 0.35855856
 0.35855856 0.35675676 0.35675676 0.35675676 0.35675676 0.35675676
 0.35495495 0.35495495 0.35495495 0.35495495 0.35495495 0.35315315
 0.35315315 0.35315315 0.35315315 0.35315315 0.35135135 0.35135135
 0.35135135 0.35135135 0.35135135 0.34954955 0.34954955 0.34954955
 0.34954955 0.34954955 0.34774775 0.34774775 0.34774775 0.34774775
 0.34774775 0.34594595 0.34594595 0.34594595 0.34594595 0.34594595
 0.34414414 0.34414414 0.34414414 0.34414414 0.34414414 0.34234234
 0.34234234 0.34234234 0.34234234 0.34234234 0.34234234 0.34054054
 0.34054054 0.34054054 0.34054054 0.34054054 0.33873874 0.33873874
 0.33873874 0.33873874 0.33873874 0.33693694 0.33693694 0.33693694
 0.33693694 0.33693694 0.33513514 0.33513514 0.33513514 0.33513514
 0.33513514 0.33333333 0.33333333 0.33333333 0.33333333 0.33333333
 0.33153153 0.33153153 0.33153153 0.33153153 0.33153153 0.32972973
 0.32972973 0.32972973 0.32972973 0.32972973 0.32972973 0.32792793
 0.32792793 0.32792793 0.32792793 0.32792793 0.32612613 0.32612613
 0.32612613 0.32612613 0.32612613 0.32432432 0.32432432 0.32432432
 0.32432432 0.32432432 0.32432432 0.32252252 0.32252252 0.32252252
 0.32252252 0.32252252 0.32072072 0.32072072 0.32072072 0.32072072
 0.32072072 0.31891892 0.31891892 0.31891892 0.31891892 0.31891892
 0.31711712 0.31711712 0.31711712 0.31711712 0.31711712 0.31531532
 0.31531532 0.31531532 0.31531532 0.31531532 0.31531532 0.31351351
 0.31351351 0.31351351 0.31351351 0.31351351 0.31171171 0.31171171
 0.31171171 0.31171171 0.31171171 0.30990991 0.30990991 0.30990991
 0.30990991 0.30990991 0.30990991 0.30810811 0.30810811 0.30810811
 0.30810811 0.30810811 0.30630631 0.30630631 0.30630631 0.30630631
 0.30630631 0.3045045  0.3045045  0.3045045  0.3045045  0.3045045
 0.3027027  0.3027027  0.3027027  0.3027027  0.3027027  0.3027027
 0.3009009  0.3009009  0.3009009  0.3009009  0.3009009  0.3009009
 0.2990991  0.2990991  0.2990991  0.2990991  0.2990991  0.2972973
 0.2972973  0.2972973  0.2972973  0.2972973  0.2954955  0.2954955
 0.2954955  0.2954955  0.2954955  0.29369369 0.29369369 0.29369369
 0.29369369 0.29369369 0.29369369 0.29189189 0.29189189 0.29189189
 0.29189189 0.29189189 0.29189189 0.29009009 0.29009009 0.29009009
 0.29009009 0.29009009 0.28828829 0.28828829 0.28828829 0.28828829
 0.28828829 0.28828829 0.28648649 0.28648649 0.28648649 0.28648649
 0.28648649 0.28468468 0.28468468 0.28468468 0.28468468 0.28468468
 0.28468468 0.28288288 0.28288288 0.28288288 0.28288288 0.28288288
 0.28108108 0.28108108 0.28108108 0.28108108 0.28108108 0.28108108
 0.27927928 0.27927928 0.27927928 0.27927928 0.27927928 0.27747748
 0.27747748 0.27747748 0.27747748 0.27747748 0.27747748 0.27567568
 0.27567568 0.27567568 0.27567568 0.27567568 0.27567568 0.27387387
 0.27387387 0.27387387 0.27387387 0.27387387 0.27207207 0.27207207
 0.27207207 0.27207207 0.27207207 0.27207207 0.27027027 0.27027027
 0.27027027 0.27027027 0.27027027 0.26846847 0.26846847 0.26846847
 0.26666667 0.26666667 0.26666667 0.26486486 0.26486486 0.26306306
 0.26306306 0.26306306 0.26126126 0.26126126 0.25945946 0.25945946
 0.25765766 0.25765766 0.25585586 0.25405405 0.25405405 0.25225225
 0.25045045 0.25045045 0.24864865 0.24684685 0.24504505 0.24324324
 0.24144144 0.23963964 0.23603604 0.23423423 0.23243243 0.22882883
 0.22522523 0.22162162 0.21801802 0.21261261 0.20720721 0.2018018
 0.19459459 0.18558559 0.17657658 0.16756757 0.15495495 0.14054054
 0.12612613 0.10990991 0.09369369 0.07927928 0.06666667 0.05405405
 0.04324324 0.03423423 0.02522523 0.01621622 0.00720721 0.
 0.         0.        