0.61161525 0.61161525 0.61161525 0.61161525 0.61161525 0.61161525
 0.61161525 0.61161525 0.61161525 0.61161525 0.61161525 0.61161525
 0.61161525 0.61161525 0.61161525 0.61161525 0.61161525 0.61161525
 0.61161525 0.61161525 0.61161525 0.61161525 0.61161525 0.61161525
 0.61161525 0.61161525 0.61161525 0.61161525 0.61161525 0.61161525
 0.61161525 0.61161525 0.61161525 0.61161525 0.61161525 0.61161525
 0.61161525 0.61161525 0.61161525 0.61161525 0.61161525 0.61161525
 0.61161525 0.61161525 0.61161525 0.61161525 0.61161525 0.61161525
 0.61161525 0.61161525 0.61161525 0.61161525 0.61161525 0.61161525
 0.61161525 0.61161525 0.61161525 0.61161525 0.61161525 0.61161525
 0.61161525 0.61161525 0.61161525 0.61161525 0.61161525 0.61161525
 0.61161525 0.61161525 0.61161525 0.61161525 0.61161525 0.61161525
 0.61161525 0.61161525 0.61161525 0.61161525 0.61161525 0.61161525
 0.61161525 0.61161525 0.60980036 0.60980036 0.60980036 0.60798548
 0.60798548 0.60798548 0.6061706  0.6061706  0.6061706  0.6061706
 0.60435572 0.60435572 0.60435572 0.60254083 0.60254083 0.60254083
 0.60254083 0.60254083 0.60072595 0.60072595 0.60072595 0.60072595
 0.59891107 0.59891107 0.59891107 0.59891107 0.59891107 0.59709619
 0.59709619 0.59709619 0.59709619 0.59709619 0.59709619 0.59528131
 0.59528131 0.59528131 0.59528131 0.59528131 0.59528131 0.59346642
 0.59346642 0.59346642 0.59346642 0.59346642 0.59346642 0.59165154
 0.59165154 0.59165154 0.59165154 0.59165154 0.59165154 0.58983666
 0.58983666 0.58983666 0.58983666 0.58983666 0.58983666 0.58983666
 0.58802178 0.58802178 0.58802178 0.58802178 0.58802178 0.58802178
 0.5862069  0.5862069  0.5862069  0.5862069  0.5862069  0.5862069
 0.5862069  0.58439201 0.58439201 0.58439201 0.58439201 0.58439201
 0.58439201 0.58439201 0.58257713 0.58257713 0.58257713 0.58257713
 0.58257713 0.58257713 0.58257713 0.58076225 0.58076225 0.58076225
 0.58076225 0.58076225 0.58076225 0.58076225 0.57894737 0.57894737
 0.57894737 0.57894737 0.57894737 0.57894737 0.57894737 0.57894737
 0.57713249 0.57713249 0.57713249 0.57713249 0.57713249 0.57713249
 0.57713249 0.5753176  0.5753176  0.5753176  0.5753176  0.5753176
 0.5753176  0.5753176  0.57350272 0.57350272 0.57350272 0.57350272
 0.57350272 0.57350272 0.57350272 0.57350272 0.57168784 0.57168784
 0.57168784 0.57168784 0.57168784 0.57168784 0.57168784 0.57168784
 0.56987296 0.56987296 0.56987296 0.56987296 0.56987296 0.56987296
 0.56987296 0.56987296 0.56805808 0.56805808 0.56805808 0.56805808
 0.56805808 0.56805808 0.56805808 0.56624319 0.56624319 0.56624319
 0.56624319 0.56624319 0.56624319 0.56624319 0.56442831 0.56442831
 0.56442831 0.56442831 0.56442831 0.56442831 0.56442831 0.56261343
 0.56261343 0.56261343 0.56261343 0.56261343 0.56079855 0.56079855
 0.56079855 0.56079855 0.55898367 0.55898367 0.55898367 0.55898367
 0.55716878 0.55716878 0.55716878 0.5553539  0.5553539  0.5553539
 0.5553539  0.55353902 0.55353902 0.55172414 0.55172414 0.55172414
 0.54990926 0.54990926 0.54809437 0.54809437 0.54627949 0.54627949
 0.54446461 0.54446461 0.54264973 0.54264973 0.54083485 0.54083485
 0.53901996 0.53720508 0.53720508 0.5353902  0.53357532 0.53357532
 0.53176044 0.52994555 0.52813067 0.52631579 0.52631579 0.52450091
 0.52268603 0.52087114 0.51905626 0.51724138 0.5154265  0.51361162
 0.51179673 0.50998185 0.50816697 0.50635209 0.50453721 0.50272232
 0.50090744 0.49909256 0.49727768 0.49546279 0.49364791 0.49183303
 0.49001815 0.48638838 0.4845735  0.48275862 0.48094374 0.47912886
 0.47549909 0.47368421 0.47186933 0.47005445 0.46642468 0.4646098
 0.46279492 0.46098004 0.45916515 0.45553539 0.45372051 0.45190563
 0.44827586 0.44646098 0.4446461  0.44283122 0.43920145 0.43738657
 0.43557169 0.43375681 0.43194192 0.42831216 0.42649728 0.4246824
 0.42286751 0.42105263 0.41923775 0.41560799 0.4137931  0.41197822
 0.41016334 0.40834846 0.40653358 0.40471869 0.40290381 0.40108893
 0.39927405 0.39745917 0.39564428 0.3938294  0.39201452 0.39019964
 0.38838475 0.38656987 0.38475499 0.38294011 0.38294011 0.38112523
 0.37931034 0.37749546 0.37749546 0.37749546 0.37568058 0.37568058
 0.37568058 0.3738657  0.3738657  0.3738657  0.37205082 0.37205082
 0.37205082 0.37023593 0.37023593 0.37023593 0.36842105 0.36842105
 0.36842105 0.36842105 0.36660617 0.36660617 0.36660617 0.36660617
 0.36479129 0.36479129 0.36479129 0.36479129 0.36297641 0.36297641
 0.36297641 0.36297641 0.36116152 0.36116152 0.36116152 0.36116152
 0.35934664 0.35934664 0.35934664 0.35934664 0.35934664 0.35753176
 0.35753176 0.35753176 0.35753176 0.35753176 0.35571688 0.35571688
 0.35571688 0.35571688 0.353902   0.353902   0.353902   0.353902
 0.353902   0.35208711 0.35208711 0.35208711 0.35208711 0.35208711
 0.35027223 0.35027223 0.35027223 0.35027223 0.35027223 0.34845735
 0.34845735 0.34845735 0.34845735 0.34664247 0.34664247 0.34664247
 0.34664247 0.34664247 0.34482759 0.34482759 0.34482759 0.34482759
 0.34482759 0.3430127  0.3430127  0.3430127  0.3430127  0.3430127
 0.34119782 0.34119782 0.34119782 0.34119782 0.34119782 0.33938294
 0.33938294 0.33938294 0.33938294 0.33938294 0.33756806 0.33756806
 0.33756806 0.33756806 0.33756806 0.33575318 0.33575318 0.33575318
 0.33575318 0.33575318 0.33393829 0.33393829 0.33393829 0.33393829
 0.33393829 0.33212341 0.33212341 0.33212341 0.33212341 0.33212341
 0.33030853 0.33030853 0.33030853 0.33030853 0.33030853 0.32849365
 0.32849365 0.32849365 0.32849365 0.32849365 0.32667877 0.32667877
 0.32667877 0.32667877 0.32667877 0.32486388 0.32486388 0.32486388
 0.32486388 0.32486388 0.323049   0.323049   0.323049   0.323049
 0.323049   0.32123412 0.32123412 0.32123412 0.32123412 0.32123412
 0.31941924 0.31941924 0.31941924 0.31941924 0.31941924 0.31941924
 0.31760436 0.31760436 0.31760436 0.31760436 0.31760436 0.31578947
 0.31578947 0.31578947 0.31578947 0.31578947 0.31397459 0.31397459
 0.31397459 0.31397459 0.31397459 0.31215971 0.31215971 0.31215971
 0.31215971 0.31215971 0.31034483 0.31034483 0.31034483 0.31034483
 0.31034483 0.30852995 0.30852995 0.30852995 0.30852995 0.30852995
 0.30671506 0.30671506 0.30671506 0.30671506 0.30671506 0.30671506
 0.30490018 0.30490018 0.30490018 0.30490018 0.30490018 0.3030853
 0.3030853  0.3030853  0.3030853  0.3030853  0.30127042 0.30127042
 0.30127042 0.30127042 0.30127042 0.30127042 0.29945554 0.29945554
 0.29945554 0.29945554 0.29945554 0.29764065 0.29764065 0.29764065
 0.29764065 0.29764065 0.29582577 0.29582577 0.29582577 0.29582577
 0.29582577 0.29401089 0.29401089 0.29401089 0.29401089 0.29401089
 0.29219601 0.29219601 0.29219601 0.29219601 0.29219601 0.29219601
 0.29038113 0.29038113 0.29038113 0.29038113 0.29038113 0.28856624
 0.28856624 0.28856624 0.28856624 0.28856624 0.28675136 0.28675136
 0.28675136 0.28675136 0.28675136 0.28675136 0.28493648 0.28493648
 0.28493648 0.28493648 0.28493648 0.2831216  0.2831216  0.2831216
 0.2831216  0.2831216  0.2831216  0.28130672 0.28130672 0.28130672
 0.28130672 0.27949183 0.27949183 0.27949183 0.27949183 0.27949183
 0.27949183 0.27767695 0.27767695 0.27767695 0.27767695 0.27767695
 0.27767695 0.27586207 0.27586207 0.27586207 0.27586207 0.27586207
 0.27404719 0.27404719 0.27404719 0.27404719 0.27404719 0.2722323
 0.2722323  0.2722323  0.2722323  0.2722323  0.27041742 0.27041742
 0.27041742 0.27041742 0.27041742 0.27041742 0.26860254 0.26860254
 0.26860254 0.26860254 0.26860254 0.26860254 0.26678766 0.26678766
 0.26497278 0.26497278 0.26497278 0.26497278 0.26315789 0.26315789
 0.26315789 0.26315789 0.26134301 0.26134301 0.26134301 0.26134301
 0.26134301 0.26134301 0.26134301 0.26134301 0.26134301 0.26134301
 0.26134301 0.26134301 0.26134301 0.25952813 0.25952813 0.25952813
 0.25952813 0.25952813 0.25952813 0.25952813 0.25952813 0.25952813
 0.25952813 0.25952813 0.26134301 0.26134301 0.26134301 0.26134301
 0.26134301 0.26134301 0.26134301 0.26134301 0.26134301 0.26134301
 0.26134301 0.26134301 0.26134301 0.26134301 0.26134301 0.26134301
 0.26134301 0.26134301 0.26134301 0.26134301 0.26134301 0.26134301
 0.26134301 0.26134301 0.26134301 0.26134301 0.26134301 0.26134301
 0.26134301 0.26134301 0.26134301 0.26134301 0.26134301 0.26134301
 0.26134301 0.26134301 0.26134301 0.26134301 0.26134301 0.26134301
 0.26134301 0.26134301 0.26134301 0.26134301 0.26134301 0.26134301
 0.26134301 0.26134301 0.26134301 0.26134301 0.26134301 0.26134301
 0.26134301 0.26315789 0.26315789 0.26134301 0.26134301 0.26134301
 0.26134301 0.26134301 0.26134301 0.26134301 0.26134301 0.26134301
 0.26134301 0.26134301 0.26134301 0.26134301 0.26134301 0.26134301
 0.26315789 0.26315789 0.26315789 0.26315789 0.26315789 0.26315789
 0.26315789 0.26134301 0.26134301 0.26134301 0.26134301 0.26134301
 0.26134301 0.26134301 0.26134301 0.26134301 0.26134301 0.26134301
 0.26134301 0.26134301